+1261673668
+44199892327
+234675500621
+91776471513
+86796252177
+55304856850
+33513041792
+39754529805
+81375383311
+61166746116
+1583832400
+44541245151
+234401542051
+91189233788
+86396135304
+55308817531
+33925937184
+39957569398
+81837428391
+61338861268
+1379878733
+44678369735
+234686767479
+91171207079
+86685613247
+55998726948
+33307611816
+39916229481
+81774127147
+61148826541
+1909981560
+44263485764
+234522914698
+91974689568
+86952494156
+55404435804
+33977215209
+39651445994
+81507227466
+61656925237
+1342513179
+44935361038
+234301923836
+91294001698
+86859484202
+55380476732
+33715915679
+39548274118
+81861087540
+61946761298
+1550595413
+44197330758
+234217058653
+91453915051
+86644969711
+55290117849
+33283637718
+39697669946
+81675065531
+61735626753
+1283486500
+44716994567
+234262550632
+91597751372
+86462029629
+55170940720
+33739019322
+39424526690
+81410437336
+61849485568
+1658932348
+44818768772
+234215669989
+91681083233
+86284257641
+55410049069
+33718733023
+39839037326
+81891670364
+61652475155
+1505874771
+44856726074
+234622882935
+91944179336
+86768102308
+55864612452
+33129788123
+39406094607
+81841988228
+61233143313
+1272901392
+44147413204
+234385002456
+91401644770
+86445853514
+55437797332
+33296257577
+39547348170
+81432395014
+61781141816
+1219888492
+44377884329
+234169999914
+91495928937
+86993604070
+55851929226
+33659007625
+39780274783
+81899553068
+61957478598
+1796937877
+44614828740
+234619314265
+91510855676
+86531043500
+55478864211
+33265701427
+39492569524
+81763954769
+61233972580
+1265098730
+44639947296
+234253856188
+91573218081
+86240884049
+55128536735
+33249130181
+39805204561
+81220476177
+61229462521
+1874370142
+44736793574
+234232203110
+91687659251
+86672031082
+55135157436
+33609763931
+39882854335
+81902950882
+61412932938
+1782538669
+44969064304
+234445292390
+91143451528
+86275535063
+55353072265
+33892076341
+39647360994
+81459988188
+61490707792
+1117266887
+44278743626
+234318101683
+91291881502
+86343077906
+55529701582
+33839301983
+39181456836
+81802389110
+61888529452
+1672471436
+44631624001
+234835650742
+91517182978
+86733682509
+55496648147
+33964988932
+39133444416
+81585002770
+61713078971
+1707401095
+44256547899
+234730401430
+91609505135
+86366884132
+55485385446
+33890728282
+39354369734
+81532390849
+61235570331
+1757602109
+44434184656
+234405381587
+91169847415
+86652039797
+55876389037
+33119456987
+39409495109
+81906931930
+61448907957
+1788556664
+44203185304
+234983270421
+91501326858
+86421053855
+55971760616
+33319939913
+39578438094
+81914628003
+61733350750
+1290845436
+44391195074
+234803849697
+91642111134
+86498585179
+55899277154
+33985053917
+39264930771
+81811964394
+61598062118
+1749852895
+44988665069
+234453359915
+91546632529
+86320884970
+55840827371
+33805951634
+39225986922
+81265913163
+61467173535
+1875340324
+44370573946
+234146441012
+91227432544
+86103958313
+55573451158
+33306684346
+39183234596
+81268396593
+61682960278
+1572988467
+44220183027
+234740544350
+91307349850
+86877241443
+55676659946
+33689813993
+39938101796
+81956252283
+61670658394
+1782733407
+44282125996
+234732445065
+91679267469
+86536441263
+55708889176
+33559506963
+39385740500
+81593067090
+61205055126
+1468941709
+44694920489
+234312226997
+91540235676
+86435828996
+55217652095
+33837820943
+39358323933
+81526867865
+61403189654
+1323214192
+44101786931
+234850542798
+91307654469
+86917125215
+55256987333
+33605626042
+39633261583
+81940669854
+61652340532
+1427051528
+44939204104
+234574547170
+91943648776
+86277022829
+55367251075
+33659201299
+39259220325
+81304711935
+61108205851
+1269115427
+44469696846
+234730914345
+91764630837
+86631484286
+55751088275
+33666631412
+39452773515
+81411108523
+61832041672
+1233780719
+44838813200
+234226393933
+91949182546
+86788277478
+55766691005
+33398281723
+39140118109
+81812229874
+61907472279
+1403115096
+44122263376
+234987526941
+91235447785
+86517709386
+55407939163
+33779787085
+39766505569
+81105919044
+61209871932
+1561757046
+44444241034
+234908831824
+91287789360
+86285169937
+55518736436
+33408913239
+39135843020
+81194938427
+61911909815
+1623982908
+44718756704
+234351252430
+91475205165
+86916537248
+55423004682
+33380274532
+39793226234
+81895789679
+61401658761
+1280558641
+44111446530
+234330914640
+91696898570
+86164016709
+55734681791
+33736426087
+39656043131
+81992185635
+61482143980
+1510266388
+44807761661
+234948550649
+91599599699
+86127842345
+55524660199
+33510480230
+39344449050
+81128564584
+61175915886
+1449196522
+44681332307
+234111155711
+91106819318
+86531734099
+55708774739
+33671065630
+39717072613
+81529467418
+61454864266
+1497247968
+44154456471
+234337101616
+91419144687
+86523459368
+55377414486
+33901496070
+39511171360
+81308798778
+61149467257
+1862853280
+44192229666
+234549394221
+91734311728
+86502569824
+55525116153
+33137196660
+39562966758
+81223586070
+61676968373
+1345455787
+44427965469
+234526110356
+91131818957
+86644937870
+55115633026
+33135324755
+39318215748
+81423603196
+61274694883
+1611344801
+44704946177
+234699318853
+91741994204
+86983584548
+55250353200
+33877797918
+39156713046
+81107933846
+61102828021
+1896238516
+44187266418
+234416381212
+91488370152
+86439450217
+55648122671
+33573420243
+39174131861
+81107592536
+61632963139
+1885724087
+44663700546
+234639349092
+91487469912
+86795519027
+55405628381
+33679117810
+39135030828
+81938332716
+61775319199
+1608343597
+44880969417
+234775949347
+91665201064
+86709241547
+55453705843
+33946040094
+39377747126
+81620500594
+61305535410
+1870954038
+44432683369
+234708152180
+91761883923
+86564723565
+55568198438
+33906470716
+39437141790
+81635338678
+61539929992
+1116410385
+44320982939
+234855014471
+91735713830
+86638754938
+55790374949
+33539453353
+39411613129
+81187438086
+61618989659
+1546050603
+44678948194
+234411713941
+91278649476
+86551056566
+55160567566
+33424379792
+39942947014
+81657411761
+61803257900
+1526606436
+44970564716
+234847571065
+91404257394
+86286552434
+55141088267
+33287355201
+39532702248
+81445473582
+61807363406
+1787419851
+44490376681
+234517084022
+91600906781
+86109308228
+55428914658
+33439121690
+39624243830
+81417260660
+61121642614
+1113332764
+44468365834
+234361560346
+91261786776
+86119221930
+55509384528
+33373451663
+39888718565
+81430629999
+61315939445
+1649006664
+44365001383
+234992436188
+91253616935
+86366236883
+55680927502
+33573409398
+39984186322
+81526798035
+61945627486
+1919923763
+44556332008
+234101566346
+91541630969
+86167155693
+55866888050
+33814903009
+39805072911
+81142764825
+61167680485
+1373635672
+44778624160
+234185555108
+91639491864
+86761987986
+55540608228
+33319276380
+39642281814
+81767611061
+61703991579
+1114994950
+44404213139
+234720137762
+91124152527
+86487720163
+55794928885
+33345227925
+39531000623
+81421932286
+61342705410
+1377053342
+44162789665
+234558224818
+91853903537
+86436648242
+55588396145
+33279403508
+39551191246
+81713405120
+61442025241
+1369204469
+44477069586
+234305444562
+91874848508
+86183444803
+55284530186
+33410193769
+39398228299
+81988393109
+61122097720
+1414977022
+44241631522
+234245451403
+91837733630
+86200676059
+55299269457
+33245410602
+39988038198
+81965242985
+61876483720
+1942981361
+44362244239
+234728112099
+91544621905
+86965495015
+55502312681
+33159558406
+39932714593
+81308287239
+61473273452
+1488415649
+44276507507
+234888760287
+91943405415
+86667240502
+55720297634
+33845591310
+39278128403
+81969753165
+61937562484
+1362284457
+44242353045
+234391149839
+91759817061
+86297131828
+55913415653
+33299869944
+39700763691
+81164639252
+61176005936
+1365856834
+44439353325
+234313210413
+91321828919
+86135057441
+55861660234
+33569705366
+39403679387
+81672150528
+61423514925
+1709624194
+44732241324
+234280362053
+91363674106
+86121929901
+55195395374
+33883745740
+39575851587
+81840293823
+61637594273
+1921967527
+44354282772
+234746029255
+91495289004
+86832286844
+55244029317
+33322040748
+39322859185
+81223019960
+61703197984
+1482295025
+44322257598
+234966827259
+91406861193
+86970203912
+55624296890
+33426203312
+39404898352
+81669414377
+61333509866
+1153758863
+44593201670
+234177566435
+91679161372
+86871972736
+55751951324
+33414408243
+39123566414
+81391002839
+61220038022
+1375347367
+44128178072
+234760526155
+91889555894
+86896274656
+55539558106
+33896064453
+39452973983
+81617470225
+61161171628
+1169741465
+44217876234
+234473336280
+91953944832
+86547568513
+55448243312
+33496966228
+39677210384
+81921924354
+61329085760
+1572400863
+44782222332
+234809749471
+91738629432
+86151810777
+55222546331
+33520692291
+39928987737
+81105122226
+61656526984
+1832486960
+44399501478
+234813684246
+91845090231
+86512191520
+55705022136
+33172099366
+39305538697
+81945236895
+61264311147
+1967921226
+44332321207
+234799879146
+91932581755
+86105641776
+55734088732
+33806315808
+39788121768
+81619842319
+61444042679
+1789839290
+44326502991
+234506507226
+91561463406
+86804115509
+55971193798
+33476207959
+39100811273
+81770197218
+61758089961
+1167181835
+44909101042
+234603475681
+91919116754
+86815152828
+55656807204
+33162983124
+39173076313
+81702601029
+61223988181
+1175006431
+44377057221
+234704124336
+91200007233
+86745674014
+55994686901
+33835457806
+39651362255
+81859969011
+61642084298
+1877959449
+44226111716
+234365943996
+91133588486
+86818581986
+55551730053
+33388223541
+39886705213
+81300432329
+61721244276
+1803187469
+44724662638
+234106635299
+91436532252
+86389261012
+55847902746
+33265968405
+39148251004
+81341809661
+61981792811
+1104829880
+44363691690
+234230724905
+91218190822
+86604821084
+55611823978
+33518762716
+39334417090
+81483524598
+61947248767
+1963207646
+44507586171
+234186082131
+91881357710
+86701776919
+55802168491
+33340361349
+39714472646
+81323263841
+61351704162
+1702666275
+44151296698
+234592171426
+91281682615
+86477167277
+55693703096
+33867128311
+39934399564
+81579323661
+61928598161
+1556714093
+44620971679
+234616136035
+91827353048
+86385833793
+55298235272
+33153746254
+39469784716
+81394110034
+61292325120
+1367883174
+44702872590
+234383636170
+91795597674
+86338306743
+55222949848
+33961854221
+39917979469
+81920121343
+61613236785
+1152372219
+44850677271
+234674457767
+91512311960
+86231436604
+55790814795
+33190040466
+39160247220
+81506151942
+61681073415
+1153781707
+44766827211
+234952626422
+91447679109
+86706255759
+55780878013
+33651727920
+39226008730
+81248026779
+61428811287
+1800924160
+44778532936
+234903212689
+91207887913
+86418157692
+55603167368
+33582790151
+39324266600
+81673596093
+61342903836
+1904051483
+44697531906
+234140206342
+91527630897
+86273017101
+55808619291
+33651752215
+39208263107
+81400696642
+61974250976
+1712094367
+44187932608
+234877398583
+91953486046
+86405210867
+55491734995
+33409786169
+39724224552
+81154459346
+61207512231
+1296491245
+44429473377
+234314352417
+91113299828
+86317718769
+55428076475
+33877843054
+39774727728
+81268418404
+61691515516
+1778841060
+44281818833
+234219731001
+91385106829
+86590141615
+55889139068
+33236605152
+39823573093
+81367966805
+61723999854
+1510519442
+44251537935
+234721868221
+91763028030
+86652781452
+55346906288
+33345559842
+39713765562
+81966581619
+61420994867
+1870631958
+44473711851
+234757964865
+91951391091
+86635540453
+55246484260
+33344006342
+39161466949
+81189632805
+61487378830
+1382198338
+44183548897
+234538194442
+91305930601
+86548928749
+55140898999
+33849351759
+39265019684
+81736062726
+61579387362
+1232013510
+44967831769
+234222000914
+91472890433
+86209692085
+55782715182
+33516055020
+39218484234
+81541496020
+61243588675
+1269428212
+44759811362
+234284266874
+91883496354
+86973733242
+55674576755
+33145496094
+39219198179
+81955483684
+61973753636
+1482817466
+44331767195
+234242602326
+91221269782
+86935504771
+55247856868
+33335749491
+39864047589
+81522511529
+61180846040
+1808118807
+44999106623
+234980000677
+91396008728
+86611908736
+55287608605
+33252387405
+39658725005
+81490194126
+61946273744
+1573684774
+44742460272
+234119214402
+91690461715
+86346180642
+55123348297
+33219509189
+39318144820
+81444072108
+61585133487
+1843680990
+44429622462
+234622412037
+91277412567
+86506893664
+55997695740
+33718700232
+39258734362
+81399823529
+61436241524
+1105002646
+44143425320
+234962080964
+91934525247
+86583121479
+55619730135
+33472095394
+39983619320
+81603695905
+61692018017
+1253394433
+44379501586
+234778457221
+91754328988
+86191885547
+55525956983
+33159732628
+39814966055
+81490186385
+61575102164
+1799747903
+44118362002
+234122263811
+91733684402
+86635405629
+55641740100
+33918995884
+39677562410
+81633355208
+61972355737
+1970338050
+44885714165
+234153678851
+91341409709
+86611849149
+55713985053
+33989933643
+39918166310
+81295454838
+61873694886
+1714503126
+44300187773
+234261549956
+91422792944
+86549156610
+55577039954
+33629846297
+39568319871
+81543285725
+61475114394
+1987594237
+44949960644
+234266680207
+91110498794
+86333467566
+55789347727
+33475938729
+39410202618
+81457454169
+61293799798
+1675100904
+44243773241
+234566206449
+91356999922
+86657813571
+55620387952
+33922880469
+39976843795
+81954557357
+61564398157
+1988636182
+44532612635
+234909873848
+91366714984
+86791531433
+55653212309
+33429910101
+39876136350
+81194254392
+61574167910
+1641509571
+44512536558
+234299720377
+91255249839
+86974456349
+55379920440
+33410236947
+39165419509
+81803562254
+61228982817
+1653179049
+44530315028
+234541071956
+91910206603
+86377080649
+55918597772
+33703434592
+39291947724
+81474381657
+61384935682
+1508643374
+44957333976
+234885230030
+91286383818
+86414428571
+55170760479
+33168928198
+39438643308
+81184396931
+61134083735
+1150291647
+44661948816
+234326273386
+91114204641
+86346369696
+55406151208
+33490744905
+39355229401
+81209569764
+61944558488
+1806221466
+44730651019
+234445258353
+91707361500
+86622146417
+55747827559
+33441736635
+39290885083
+81230567193
+61160295308
+1957178187
+44113587521
+234179393376
+91238173052
+86943038020
+55179709658
+33175091437
+39995522426
+81447348578
+61460908503
+1764357071
+44868725181
+234727535396
+91216368634
+86843161717
+55700204063
+33513935237
+39665791553
+81435985039
+61223492750
+1653582929
+44430782018
+234750180498
+91428817016
+86453581399
+55257381841
+33568841531
+39284372002
+81201450766
+61357643383
+1196587130
+44391932702
+234532529935
+91613396126
+86309941845
+55860451471
+33516836693
+39785969207
+81166570566
+61129682703
+1343534533
+44879284025
+234916339480
+91575782433
+86829130585
+55771510978
+33998058033
+39703277722
+81977375103
+61204258892
+1304409954
+44688538831
+234529621102
+91792208849
+86509341444
+55478526624
+33372557531
+39825228752
+81231037352
+61718889298
+1418867424
+44529680181
+234606091394
+91679607806
+86968871983
+55553148358
+33103666307
+39508686466
+81128468267
+61592444663
+1828556235
+44251491638
+234660748213
+91492332124
+86187062778
+55247203103
+33508317535
+39148791346
+81980713255
+61427347159
+1544416912
+44407323158
+234634362205
+91997941699
+86351222797
+55984627752
+33693967899
+39630206393
+81674482995
+61125965306
+1499736350
+44644739047
+234574668536
+91514228173
+86395684967
+55462605291
+33947989366
+39209611532
+81343781221
+61770747077
+1430497572
+44547019703
+234303604029
+91889928219
+86963646859
+55556909218
+33494227542
+39523415289
+81373955600
+61922245642
+1785891742
+44180615641
+234280433155
+91387189210
+86893590064
+55214286733
+33606345091
+39433522920
+81229034951
+61114140658
+1667279321
+44894310908
+234414149450
+91692504806
+86319764522
+55719396106
+33781908867
+39698864516
+81172346096
+61651467981
+1160113625
+44800807817
+234708215943
+91954825012
+86150310335
+55140820427
+33811641181
+39503684988
+81970724580
+61317031341
+1347483193
+44184345326
+234775619651
+91917046275
+86275446199
+55710783673
+33304856894
+39465354519
+81581013721
+61365972206
+1742143739
+44736314852
+234107882797
+91547786511
+86989433009
+55457549394
+33797392944
+39820847367
+81987518819
+61556289210
+1173958524
+44152555911
+234398224124
+91903391953
+86793623162
+55313684094
+33450377135
+39189846306
+81686254486
+61810828997
+1707778987
+44941661260
+234247452017
+91210830576
+86962660191
+55659163166
+33689076378
+39248402448
+81213735712
+61288012256
+1816493330
+44857727068
+234567022649
+91414839844
+86966315657
+55746423862
+33488256534
+39167529524
+81809319691
+61452699729
+1931833401
+44397163531
+234792108254
+91890551757
+86666431208
+55775948161
+33596318415
+39588710474
+81294301494
+61554052736
+1550254482
+44672987326
+234630839816
+91475049141
+86110013007
+55346728594
+33941725325
+39596478191
+81168664705
+61251599173
+1135418913
+44221675731
+234152534620
+91527087855
+86455751903
+55816477877
+33286379474
+39934118517
+81706816042
+61572588360
+1849968814
+44278115349
+234273964411
+91249052518
+86325709428
+55778435015
+33628209469
+39620968113
+81233128457
+61131230539
+1752738478
+44941077379
+234802250875
+91674390612
+86891977521
+55334746075
+33661288954
+39591630817
+81640622782
+61728346903
+1931021177
+44739395061
+234535253872
+91814090838
+86224789407
+55313797574
+33557091612
+39524551176
+81770482008
+61418421191
+1289582054
+44539770062
+234809892374
+91372291419
+86258290421
+55210350209
+33952967438
+39313536755
+81224822167
+61260358998
+1396320726
+44784924359
+234266118723
+91513630704
+86531634915
+55430888633
+33578724814
+39434670005
+81893971871
+61604997107
+1951110368
+44119753876
+234155996796
+91895219065
+86235757519
+55548985345
+33930798225
+39808270051
+81177248605
+61379441180
+1506620221
+44885413873
+234299009349
+91787466815
+86745694967
+55271669345
+33512870067
+39668568325
+81983935626
+61993533906
+1298186411
+44802557016
+234134334738
+91815790393
+86962400817
+55173724609
+33573212523
+39263455934
+81258230861
+61531987837
+1122865007
+44240388574
+234693069944
+91664879890
+86894037928
+55142498561
+33217003943
+39274126231
+81499185698
+61399348589
+1669658872
+44563823725
+234455194669
+91122442136
+86845537346
+55237857599
+33988787621
+39161922849
+81745644011
+61400983006
+1295461028
+44304216886
+234365219646
+91664048902
+86983514399
+55208761995
+33688286463
+39850713655
+81528188552
+61378430810
+1675702646
+44632283894
+234334437348
+91287943016
+86967557555
+55241063157
+33692204978
+39782969729
+81639134413
+61855568039
+1981903426
+44870760544
+234823892477
+91610109433
+86201942208
+55316101255
+33283485099
+39719663208
+81661573254
+61512235929
+1100726440
+44758144119
+234948279745
+91108417767
+86964600315
+55163440454
+33103681375
+39824297914
+81902561694
+61781183877
+1942045809
+44210356935
+234818749965
+91268546579
+86560683708
+55611824943
+33334064827
+39432693326
+81352295806
+61385648960
+1588820642
+44694795776
+234754533843
+91978209081
+86221542411
+55564813129
+33743136651
+39239227363
+81237608127
+61623924961
+1368076168
+44124239323
+234706113244
+91701657677
+86148709456
+55253587960
+33234270632
+39981973405
+81577892866
+61772568712
+1797859501
+44765555488
+234201133764
+91308034601
+86469763037
+55813424639
+33397417923
+39140117433
+81659396979
+61723353651
+1219399184
+44656315046
+234299129614
+91177203813
+86963066930
+55566282230
+33873104011
+39397379200
+81666600044
+61759721311
+1651679166
+44954371529
+234249906545
+91757549911
+86123541919
+55811200108
+33602037993
+39610148519
+81242156242
+61197198065
+1862990501
+44171914941
+234477812920
+91600205474
+86404464594
+55515398504
+33908546411
+39470944461
+81830223493
+61928140756
+1768019347
+44324142166
+234101286012
+91640130017
+86665498840
+55574231263
+33247673099
+39173534553
+81968396044
+61522332435
+1387795219
+44974906198
+234998414314
+91279149375
+86467363462
+55221179142
+33883975961
+39915838512
+81578994759
+61111148911
+1620335580
+44112706544
+234777899397
+91839188702
+86645005295
+55518327858
+33561623582
+39960608556
+81875589454
+61590647980
+1510109451
+44516504845
+234559989994
+91181798565
+86640507500
+55448222927
+33369919889
+39567379927
+81233092813
+61259721850
+1132326627
+44991986187
+234363234218
+91288018078
+86306460814
+55835023532
+33504382984
+39479629434
+81108392535
+61889787659
+1527514141
+44840497644
+234349232141
+91420906225
+86336722902
+55571323520
+33723166144
+39885725333
+81132408101
+61426984618
+1406250442
+44616258244
+234194100568
+91572982460
+86252071135
+55366704906
+33266838047
+39175408959
+81848967163
+61584463090
+1694861276
+44380412339
+234953089889
+91530964875
+86124020207
+55487279017
+33652238400
+39356940895
+81270897686
+61933250286
+1728568540
+44199609868
+234859724165
+91854295118
+86395505120
+55178261449
+33279382324
+39960986928
+81313957558
+61216891839
+1769627800
+44610188456
+234533959996
+91459153532
+86674138399
+55649409140
+33709947802
+39727797360
+81647213502
+61601951347
+1857695267
+44179886303
+234764390628
+91682535571
+86280088251
+55995803781
+33181932994
+39967534877
+81205256639
+61561551996
+1314485380
+44163666165
+234453821059
+91504525616
+86699074788
+55983618476
+33416233733
+39137170981
+81930147632
+61303047929
+1343256248
+44213371864
+234471250992
+91246245448
+86873570066
+55327248088
+33594328767
+39319356090
+81461937266
+61260085226
+1574284484
+44478295728
+234888576107
+91745877028
+86974904252
+55590265082
+33215764390
+39587622179
+81903891119
+61145928686
+1789465816
+44658053685
+234523644199
+91659908607
+86933080499
+55426025100
+33152027531
+39206471177
+81945190011
+61702655165
+1273291668
+44179107415
+234514587579
+91401027881
+86955691398
+55177397222
+33107959927
+39322911328
+81106623472
+61791113314
+1148210752
+44828479924
+234901610688
+91588555534
+86958286135
+55902610879
+33143879556
+39669437725
+81105618012
+61186418277
+1270677345
+44399157016
+234835497300
+91574950660
+86580477283
+55597811073
+33776995539
+39697555065
+81663072789
+61322560285
+1619455807
+44978800821
+234885871438
+91252420073
+86467354661
+55142055887
+33155108819
+39958277373
+81993759253
+61802054562
+1175929815
+44401539573
+234108562175
+91144311311
+86302865683
+55480394245
+33405925894
+39529028586
+81588415740
+61448628869
+1216492176
+44292897440
+234775890798
+91311767996
+86379408792
+55255191580
+33944770481
+39784637404
+81205589360
+61758650799
+1205575687
+44332833434
+234559328923
+91442202194
+86975434517
+55463512599
+33958271846
+39317275418
+81320259826
+61305878506
+1394326878
+44171842377
+234799124914
+91893964252
+86321216272
+55480610791
+33995838464
+39762012870
+81201886002
+61363538077
+1229314601
+44148944455
+234373049670
+91251316973
+86266662414
+55441618520
+33808474883
+39130423398
+81665186648
+61105641293
+1409375104
+44318427236
+234306055918
+91327179162
+86193807404
+55245463324
+33710948056
+39672183219
+81353234034
+61628355638
+1739948721
+44477006395
+234421270116
+91956691633
+86192169467
+55131103633
+33857476400
+39514628064
+81550589778
+61281741523
+1450408808
+44536297256
+234275732775
+91826532800
+86311345384
+55809151197
+33903634889
+39279961538
+81613609152
+61472644639
+1139294570
+44695647038
+234406659527
+91199004935
+86650495595
+55328543386
+33817399080
+39648747570
+81704631601
+61714150934
+1627299393
+44552890319
+234257014090
+91434814179
+86364458215
+55183969129
+33257533478
+39203777794
+81811743150
+61165814089
+1658522849
+44766914340
+234237248851
+91337998612
+86840228717
+55991577265
+33799030866
+39713936034
+81365147855
+61325426326
+1233956725
+44843557338
+234794891067
+91487971821
+86170599040
+55251097879
+33785587965
+39635879552
+81830971327
+61243949705
+1845651230
+44430854305
+234728251051
+91885672579
+86935535735
+55425131093
+33915124965
+39724242524
+81131028799
+61518237689
+1690597732
+44662280091
+234655527399
+91588958715
+86186873537
+55576927884
+33659877228
+39668920320
+81284369258
+61501914848
+1329580465
+44290648736
+234415907164
+91845300133
+86955389121
+55591935980
+33724830759
+39407527003
+81269247049
+61967678691
+1256924667
+44934975659
+234580941886
+91686027883
+86645668356
+55801399800
+33696702298
+39465950298
+81739839078
+61598075626
+1720304987
+44610883427
+234167457041
+91846540344
+86824605206
+55564186806
+33781826817
+39778985389
+81978355750
+61271607521
+1117249694
+44431246635
+234853095149
+91883770371
+86507197681
+55659815773
+33769860922
+39452412467
+81852853482
+61207384670
+1710149056
+44496904896
+234175839222
+91863146050
+86216857509
+55735772618
+33545526281
+39726198008
+81644807005
+61512134329
+1483545644
+44500306650
+234206582940
+91379348864
+86899574735
+55402381834
+33241738397
+39974237009
+81502748342
+61925624208
+1462832605
+44202853442
+234538991895
+91249175914
+86502913406
+55476437435
+33557449525
+39172226201
+81420259168
+61571604097
+1910790182
+44827316774
+234263178625
+91714268168
+86726077923
+55154081817
+33490415995
+39284736323
+81491910777
+61232096164
+1578478068
+44132837623
+234638792930
+91483343886
+86148587569
+55239588838
+33435156978
+39117873757
+81616337872
+61713028979
+1485071156
+44982821118
+234669571290
+91174134465
+86851818829
+55565307932
+33159497967
+39426424062
+81397134266
+61542451347
+1383684853
+44456944651
+234731490334
+91508245476
+86992906225
+55915112636
+33567098719
+39608872873
+81814080415
+61353907891
+1932319544
+44826911517
+234206925643
+91875463109
+86924494545
+55663253763
+33376856007
+39813928953
+81431584104
+61579124939
+1843543317
+44343280554
+234793277787
+91619480165
+86793095102
+55425678007
+33721716647
+39684534807
+81291748024
+61222070947
+1818234081
+44543305052
+234310767398
+91791827911
+86787052799
+55783111834
+33517752173
+39174025388
+81642292985
+61836767236
+1432045790
+44853212286
+234941379614
+91777148446
+86786450127
+55474845601
+33589169171
+39173547776
+81355136532
+61823325957
+1159964385
+44771188300
+234431323295
+91216699991
+86712715761
+55374769113
+33655488222
+39161858580
+81412094850
+61702683984
+1237128025
+44801591666
+234355947290
+91638451752
+86969110731
+55156155519
+33173303691
+39239624132
+81805160365
+61561170802
+1278784087
+44600109270
+234490184466
+91815905851
+86526874193
+55895312879
+33489752216
+39905194899
+81804292325
+61604580446
+1525405886
+44342582920
+234989121148
+91166583872
+86304352765
+55830929733
+33870051498
+39655392310
+81550438249
+61703785174
+1230228227
+44295339351
+234138624785
+91606028202
+86424092264
+55974769014
+33743753775
+39144058637
+81435003173
+61119858038
+1101881983
+44340998867
+234649718184
+91265903850
+86503369233
+55606428935
+33139050271
+39401528981
+81409504109
+61238248477
+1620408085
+44207363964
+234306196393
+91559485004
+86513980808
+55936105930
+33702003273
+39998864215
+81921730538
+61568981733
+1214756091
+44241350114
+234495402613
+91488383673
+86602806426
+55120104218
+33459634117
+39336632432
+81829351201
+61314089277
+1177745211
+44214332704
+234971885278
+91185346469
+86712949272
+55415420263
+33576639854
+39851169161
+81865307890
+61782234111
+1426602751
+44955102549
+234616211106
+91242945034
+86416869293
+55497265196
+33176822569
+39200723007
+81287500168
+61362545925
+1774957916
+44863025505
+234221077840
+91848645218
+86160451938
+55988848579
+33265250442
+39292858648
+81665134757
+61711880886
+1677586746
+44664485657
+234844454926
+91711214909
+86222953787
+55380046305
+33151392883
+39357759538
+81447868040
+61485030382
+1756033317
+44627230481
+234721589495
+91904149154
+86769824829
+55278654368
+33950586252
+39721390093
+81709088996
+61464095655
+1339049039
+44582515526
+234701757388
+91874972795
+86584641050
+55725473106
+33966792407
+39935741746
+81739502860
+61565129467
+1873163047
+44830756641
+234155967092
+91895561661
+86606054239
+55916456862
+33712800086
+39504922173
+81417997178
+61262622442
+1586706029
+44387396545
+234989519123
+91910871512
+86240495742
+55169590966
+33266565620
+39460597076
+81357459557
+61478033571
+1687764319
+44492487928
+234142764686
+91462157012
+86123476133
+55720188288
+33455300944
+39234066564
+81251692589
+61714115640
+1526193676
+44574947474
+234647912902
+91904796597
+86134788193
+55807157662
+33963393126
+39614644851
+81342745616
+61679261172
+1537167412
+44835341338
+234409716816
+91125695192
+86493872114
+55367778791
+33627450242
+39427893828
+81895427446
+61174881338
+1301258674
+44814226652
+234546222865
+91110621838
+86989189786
+55959799914
+33915507512
+39934559356
+81396543673
+61314919133
+1405602231
+44154443842
+234951318407
+91990422260
+86360079568
+55964736810
+33770976151
+39277413156
+81878746591
+61973032114
+1971927986
+44518869688
+234387076494
+91426863375
+86643598322
+55631421170
+33137449219
+39572727119
+81252248798
+61610509802
+1167505156
+44333318039
+234598716196
+91402993874
+86306503795
+55566864969
+33730320304
+39848411726
+81428215611
+61241431125
+1286459472
+44793660111
+234390552505
+91905932081
+86260225897
+55545146780
+33777270927
+39122282904
+81688617997
+61570422140
+1394752502
+44833357038
+234177473095
+91953641579
+86561920960
+55999105274
+33427854897
+39664477432
+81764905050
+61132825311
+1820220139
+44137695982
+234432432083
+91201128215
+86271041191
+55855708954
+33216105294
+39165976858
+81764921820
+61306404843
+1446758223
+44782566468
+234164967576
+91245312854
+86545075815
+55894060115
+33268608667
+39299369021
+81570156647
+61156871164
+1991377599
+44481738800
+234536225024
+91239686786
+86963642944
+55204633489
+33297019712
+39121511331
+81772913081
+61374162204
+1962487378
+44635162832
+234192239501
+91201313431
+86932244816
+55977707199
+33485027935
+39713916254
+81257086997
+61760698914
+1866762372
+44232634727
+234926201280
+91259986245
+86699079475
+55271654479
+33822347463
+39359609047
+81482342018
+61520949136
+1564430565
+44633301621
+234128317272
+91159716976
+86536893481
+55297613179
+33989911967
+39309155117
+81506638090
+61640615300
+1600919634
+44270289282
+234287301503
+91291629479
+86464727582
+55991900922
+33900262216
+39919704207
+81355401686
+61535889204
+1935238800
+44968825798
+234111763321
+91564375829
+86552606895
+55887644291
+33130480666
+39715165096
+81931562180
+61556010161
+1842704185
+44285150570
+234283319204
+91713060035
+86510775582
+55961297352
+33657457674
+39593797243
+81774291325
+61835555576
+1359635381
+44827818955
+234280620674
+91947707551
+86308907923
+55818880620
+33128232717
+39215453529
+81231682735
+61494326295
+1630541668
+44174599630
+234265354288
+91482262886
+86972447032
+55742992677
+33895992482
+39673879000
+81333860410
+61652317850
+1567859580
+44734465564
+234917051597
+91293182608
+86664095323
+55577175719
+33382676878
+39641334292
+81982674989
+61594697074
+1865491475
+44689979547
+234909600822
+91746821244
+86827295417
+55355473563
+33270791988
+39788489337
+81211560833
+61410701952
+1914771588
+44760589672
+234782393307
+91527182126
+86602593420
+55324155939
+33165740582
+39242405989
+81786701938
+61781362432
+1224560513
+44347672030
+234551505137
+91306880818
+86540176224
+55407786817
+33643626227
+39371168059
+81467266914
+61504054654
+1887262653
+44936910824
+234824963223
+91749270383
+86829452246
+55563022549
+33775428890
+39305131426
+81193819903
+61178845166
+1756251650
+44811380667
+234807244843
+91856894582
+86671589227
+55647898690
+33166400140
+39429543906
+81705298495
+61438445164
+1697748131
+44997636245
+234541187994
+91389513544
+86255318464
+55652295255
+33686928496
+39878278340
+81371394406
+61754532080
+1876775903
+44234178713
+234806709525
+91504815465
+86165212833
+55875057741
+33569470616
+39514802033
+81579426136
+61936521668
+1704117563
+44758847628
+234739598746
+91529537956
+86947120061
+55594734635
+33224418489
+39946352426
+81854709353
+61969808070
+1388723863
+44589067895
+234435166105
+91756915842
+86505462948
+55470117123
+33885474585
+39209844683
+81150852408
+61714005789
+1424779461
+44167895924
+234656665532
+91182974415
+86940181739
+55271457291
+33410153433
+39780337774
+81382811022
+61572666285
+1769401951
+44189815714
+234466079024
+91293956678
+86114472701
+55997645535
+33802409519
+39196169009
+81508886312
+61492531097
+1559308080
+44393530627
+234220966548
+91623202515
+86832422061
+55483782928
+33277624309
+39570530363
+81977441153
+61529814984
+1223879285
+44737065187
+234909523450
+91803575676
+86580050466
+55998577007
+33196740136
+39757799462
+81686005809
+61795185215
+1439039267
+44635735656
+234358883991
+91870276574
+86173246893
+55437064684
+33381192709
+39687810228
+81116814545
+61703992489
+1140281591
+44539804909
+234886671483
+91603607828
+86343470344
+55438599669
+33733168972
+39253172910
+81575742779
+61511512215
+1362166267
+44547554603
+234512002137
+91736711117
+86190345152
+55713329685
+33802829145
+39422055432
+81322904833
+61602828994
+1234294298
+44303916289
+234444764655
+91855196929
+86313544342
+55171089267
+33815641569
+39365860297
+81159728885
+61735367887
+1224080225
+44100776938
+234263638788
+91183491718
+86690916670
+55314825899
+33339806417
+39606420793
+81404957563
+61540566535
+1352783761
+44401520358
+234778037743
+91944839233
+86253494572
+55822021493
+33834820794
+39912821016
+81436429950
+61948155183
+1279208963
+44961720394
+234818044738
+91809276693
+86910337388
+55701886578
+33948631699
+39384237877
+81954496787
+61216386253
+1225855946
+44712186161
+234519074771
+91167063571
+86676153278
+55787125349
+33357160991
+39381128632
+81310733892
+61769256187
+1377157678
+44288899802
+234856235922
+91945824106
+86561267278
+55807529480
+33796602462
+39485928290
+81886831105
+61669815141
+1917553034
+44727694305
+234660557519
+91448215458
+86323052154
+55511547976
+33903291954
+39941375654
+81394060160
+61937441157
+1641746907
+44715077611
+234748066603
+91302811499
+86140834651
+55584493179
+33558030962
+39306894787
+81173077285
+61266120148
+1497732360
+44276885614
+234593798521
+91125911396
+86466388022
+55595318591
+33155967501
+39928090878
+81529594142
+61286334202
+1740884980
+44336162576
+234763923795
+91437767751
+86250520737
+55322200359
+33297703821
+39139670305
+81766358089
+61461046127
+1919176587
+44997020649
+234811049088
+91573986212
+86283733484
+55114819891
+33112781284
+39733007410
+81869700263
+61727497741
+1397896779
+44796764316
+234526279286
+91813398446
+86650478573
+55488062023
+33175661029
+39732394802
+81979357865
+61430200001
+1882135847
+44749791980
+234852516558
+91316118382
+86731301273
+55738123835
+33385180223
+39819632833
+81272811473
+61869699804
+1123747734
+44138066429
+234725465472
+91489200204
+86240284892
+55943747816
+33192158858
+39104439587
+81112403403
+61141094772
+1137936629
+44477449509
+234850978366
+91371350390
+86524557410
+55594679671
+33214956992
+39210299698
+81334492819
+61490345976
+1370272403
+44481020162
+234901674698
+91898128244
+86686207898
+55374037650
+33261983513
+39135872658
+81798210215
+61764190530
+1855849254
+44877333217
+234225506477
+91131248911
+86493555836
+55721335847
+33359399930
+39196395038
+81324667797
+61216314241
+1540217167
+44158692880
+234473344615
+91183623919
+86953607929
+55424209624
+33198704079
+39338377465
+81360152826
+61896798779
+1501302226
+44105049051
+234608336746
+91820891776
+86470113323
+55834288455
+33398394779
+39875170458
+81390159102
+61644283088
+1507800562
+44860082801
+234451914063
+91652228119
+86873311343
+55684188114
+33195612855
+39275615226
+81534246991
+61918532690
+1280030150
+44350148457
+234655134752
+91787649630
+86110171404
+55151795688
+33537210952
+39623642290
+81916232681
+61961232802
+1548400908
+44849852982
+234511105809
+91448663435
+86781298452
+55498587506
+33635222487
+39555567880
+81462899392
+61818572074
+1488418923
+44687897195
+234565243669
+91982053323
+86609373585
+55519352448
+33366134000
+39626716076
+81565620686
+61849220024
+1391581334
+44401220421
+234191285736
+91787323073
+86193126806
+55947927074
+33470741529
+39813783489
+81515525120
+61244509329
+1519065885
+44636367428
+234741171588
+91846367356
+86625511475
+55610279301
+33762754398
+39271968555
+81331912567
+61775473215
+1899673300
+44283530161
+234879436533
+91818623463
+86881009355
+55935664641
+33200625343
+39151184487
+81666697732
+61928140323
+1126137623
+44924674990
+234565558680
+91843765803
+86295833055
+55389597861
+33669669521
+39720085659
+81674641576
+61365923573
+1869718369
+44631947174
+234968783885
+91187771800
+86763351952
+55726393446
+33107892137
+39918712796
+81619896164
+61431290165
+1916000632
+44234340966
+234965701973
+91730110162
+86181846891
+55681274712
+33872863873
+39495034033
+81704795006
+61381817828
+1535941201
+44655912676
+234728982232
+91496479132
+86803846303
+55385777344
+33394345065
+39493471800
+81354902709
+61514771043
+1777592193
+44541347707
+234827184034
+91534706450
+86411751644
+55725962091
+33331843781
+39849545685
+81208281157
+61678770755
+1759297061
+44824369148
+234586476647
+91347377670
+86279606186
+55785347288
+33993394369
+39440593591
+81853782839
+61842575723
+1761257082
+44136580438
+234430962695
+91561352915
+86125684817
+55690223434
+33326568971
+39972105146
+81354514377
+61283741994
+1343489992
+44773956600
+234942892989
+91773844390
+86690446683
+55703962949
+33955250561
+39525134219
+81557702986
+61115887688
+1495687301
+44727832150
+234365417299
+91753685370
+86922665487
+55731258736
+33162252384
+39514947908
+81929776500
+61508757488
+1291484476
+44502541657
+234563329374
+91425638915
+86298797919
+55756340179
+33101918477
+39326284453
+81234182162
+61567906629
+1763170806
+44642943887
+234558450207
+91568801707
+86121663666
+55946248579
+33177919768
+39544689075
+81501190887
+61320949027
+1379850853
+44514520062
+234363497578
+91147064635
+86197703149
+55116545482
+33164850133
+39249485541
+81145456061
+61989717039
+1622927481
+44430251727
+234733876960
+91411785629
+86627738622
+55809901979
+33825531913
+39145905475
+81621268797
+61675530196
+1754720949
+44214885687
+234716392575
+91142346449
+86670679450
+55337323240
+33445748277
+39213607431
+81112796739
+61678958520
+1211307781
+44381948331
+234135541980
+91917511955
+86479365263
+55210220616
+33247450724
+39461509666
+81754032094
+61613221415
+1457932993
+44679364691
+234678370136
+91786568234
+86250776871
+55536541917
+33375145839
+39829367195
+81765363384
+61303901239
+1624269838
+44940104798
+234359947058
+91778537018
+86730195359
+55534541946
+33715149981
+39705985632
+81466754147
+61821202985
+1776133651
+44835477361
+234670677057
+91426245792
+86859649352
+55929217408
+33419648655
+39657248576
+81107015346
+61325204907
+1370533722
+44943267619
+234124747416
+91348372520
+86780316943
+55149249491
+33369351346
+39978799362
+81347152895
+61131597464
+1800814602
+44489728685
+234712251654
+91662001900
+86295725515
+55386507341
+33908971780
+39161403022
+81627948038
+61882893182
+1291499048
+44674952025
+234161886234
+91567437278
+86387017046
+55351824941
+33104689154
+39916972293
+81691015449
+61302708426
+1228625409
+44441849843
+234954238372
+91737985960
+86424551915
+55717648070
+33928960846
+39400233716
+81463354547
+61275369908
+1383645107
+44731562357
+234490899943
+91419322833
+86246377921
+55669310216
+33675767833
+39959756453
+81334863841
+61971960383
+1860863881
+44676754387
+234153157568
+91739712763
+86926819179
+55249712694
+33973611379
+39781462415
+81608271812
+61476071263
+1338377112
+44174649979
+234275678832
+91299491024
+86652299514
+55649597740
+33117160775
+39103160671
+81582830297
+61488822557
+1908015466
+44393744249
+234895454072
+91403523804
+86975303753
+55406921098
+33685200719
+39211640827
+81669420645
+61925009011
+1915157724
+44448639260
+234440630662
+91843028632
+86775188983
+55811379213
+33337683339
+39610403464
+81188673486
+61955469159
+1944175409
+44980325457
+234951444825
+91478304165
+86841013272
+55476411108
+33599492573
+39137239890
+81480565109
+61874625260
+1836874955
+44698967920
+234894898455
+91846437698
+86298627454
+55283143467
+33787190404
+39620589023
+81256889109
+61226705259
+1547183408
+44745175329
+234287296077
+91585265607
+86157828499
+55523605655
+33497183881
+39689239980
+81129117188
+61508741065
+1437586164
+44430056686
+234591085403
+91197370925
+86542847828
+55412444438
+33164611541
+39315371241
+81657694521
+61289935544
+1271572927
+44270660506
+234229641476
+91447383882
+86628879241
+55915511818
+33190005429
+39393352628
+81437561816
+61831548035